%!PS-Adobe-2.0
%%Creator: "barcode", libbarcode sample frontend
%%DocumentPaperSizes: A4
%%EndComments
%%EndProlog

%%Page: 1 1

% Printing barcode for "1;UPDATE products SET price =1;", scaled  1.00, encoded using "code 128-B"
% The space/bar succession is represented by the following widths (space first):
% 02112141232213122122131313131211123131113232133111321132122221112421212411341111412211242111411221241121142122122222131131321132133112122221112421212411421121411221122142122223222111232213122121124122331112
[
%  height  xpos   ypos  width       height  xpos   ypos  width
   [75.00  11.00  15.00  1.85]      [75.00  13.50  15.00  0.85]
   [75.00  16.50  15.00  0.85]      [70.00  21.50  20.00  0.85]
   [70.00  25.50  20.00  2.85]      [70.00  30.00  20.00  1.85]
   [70.00  33.50  20.00  2.85]      [70.00  37.00  20.00  1.85]
   [70.00  40.50  20.00  0.85]      [70.00  44.00  20.00  1.85]
   [70.00  47.50  20.00  2.85]      [70.00  51.50  20.00  2.85]
   [70.00  55.50  20.00  2.85]      [70.00  59.50  20.00  2.85]
   [70.00  63.00  20.00  1.85]      [70.00  65.50  20.00  0.85]
   [70.00  68.00  20.00  1.85]      [70.00  72.50  20.00  0.85]
   [70.00  76.50  20.00  0.85]      [70.00  78.50  20.00  0.85]
   [70.00  83.00  20.00  1.85]      [70.00  88.00  20.00  1.85]
   [70.00  91.50  20.00  2.85]      [70.00  96.50  20.00  0.85]
   [70.00  98.50  20.00  0.85]      [70.00 103.00  20.00  1.85]
   [70.00 105.50  20.00  0.85]      [70.00 110.00  20.00  1.85]
   [70.00 113.00  20.00  1.85]      [70.00 117.00  20.00  1.85]
   [70.00 120.50  20.00  0.85]      [70.00 122.50  20.00  0.85]
   [70.00 127.00  20.00  3.85]      [70.00 131.50  20.00  0.85]
   [70.00 134.50  20.00  0.85]      [70.00 139.00  20.00  3.85]
   [70.00 142.50  20.00  0.85]      [70.00 148.00  20.00  3.85]
   [70.00 151.50  20.00  0.85]      [70.00 153.50  20.00  0.85]
   [70.00 158.50  20.00  0.85]      [70.00 162.00  20.00  1.85]
   [70.00 164.50  20.00  0.85]      [70.00 169.00  20.00  3.85]
   [70.00 173.50  20.00  0.85]      [70.00 175.50  20.00  0.85]
   [70.00 180.50  20.00  0.85]      [70.00 183.00  20.00  1.85]
   [70.00 186.50  20.00  0.85]      [70.00 191.00  20.00  3.85]
   [70.00 194.50  20.00  0.85]      [70.00 197.50  20.00  0.85]
   [70.00 201.00  20.00  3.85]      [70.00 205.50  20.00  0.85]
   [70.00 209.00  20.00  1.85]      [70.00 212.00  20.00  1.85]
   [70.00 216.00  20.00  1.85]      [70.00 220.00  20.00  1.85]
   [70.00 223.50  20.00  2.85]      [70.00 226.50  20.00  0.85]
   [70.00 230.50  20.00  0.85]      [70.00 235.00  20.00  1.85]
   [70.00 237.50  20.00  0.85]      [70.00 242.00  20.00  1.85]
   [70.00 245.50  20.00  2.85]      [70.00 250.50  20.00  0.85]
   [70.00 253.00  20.00  1.85]      [70.00 256.00  20.00  1.85]
   [70.00 260.00  20.00  1.85]      [70.00 263.50  20.00  0.85]
   [70.00 265.50  20.00  0.85]      [70.00 270.00  20.00  3.85]
   [70.00 274.50  20.00  0.85]      [70.00 277.50  20.00  0.85]
   [70.00 282.00  20.00  3.85]      [70.00 285.50  20.00  0.85]
   [70.00 291.00  20.00  1.85]      [70.00 293.50  20.00  0.85]
   [70.00 296.50  20.00  0.85]      [70.00 301.50  20.00  0.85]
   [70.00 304.00  20.00  1.85]      [70.00 307.50  20.00  0.85]
   [70.00 310.00  20.00  1.85]      [70.00 313.50  20.00  0.85]
   [70.00 319.00  20.00  1.85]      [70.00 322.00  20.00  1.85]
   [70.00 326.00  20.00  1.85]      [70.00 330.50  20.00  2.85]
   [70.00 335.00  20.00  1.85]      [70.00 338.50  20.00  0.85]
   [70.00 340.50  20.00  0.85]      [70.00 344.50  20.00  2.85]
   [70.00 349.00  20.00  1.85]      [70.00 352.50  20.00  2.85]
   [70.00 356.00  20.00  1.85]      [70.00 359.50  20.00  0.85]
   [70.00 362.50  20.00  0.85]      [70.00 365.00  20.00  1.85]
   [70.00 370.50  20.00  0.85]      [75.00 374.00  15.00  1.85]
   [75.00 379.50  15.00  2.85]      [75.00 382.50  15.00  0.85]
   [75.00 385.00  15.00  1.85]   
]	{ {} forall setlinewidth moveto 0 exch rlineto stroke} bind forall
[
%   char    xpos   ypos fontsize
    [(1)   21.00  10.00 12.00]
    [(;)   32.00  10.00  0.00]
    [(U)   43.00  10.00  0.00]
    [(P)   54.00  10.00  0.00]
    [(D)   65.00  10.00  0.00]
    [(A)   76.00  10.00  0.00]
    [(T)   87.00  10.00  0.00]
    [(E)   98.00  10.00  0.00]
    [( )  109.00  10.00  0.00]
    [(p)  120.00  10.00  0.00]
    [(r)  131.00  10.00  0.00]
    [(o)  142.00  10.00  0.00]
    [(d)  153.00  10.00  0.00]
    [(u)  164.00  10.00  0.00]
    [(c)  175.00  10.00  0.00]
    [(t)  186.00  10.00  0.00]
    [(s)  197.00  10.00  0.00]
    [( )  208.00  10.00  0.00]
    [(S)  219.00  10.00  0.00]
    [(E)  230.00  10.00  0.00]
    [(T)  241.00  10.00  0.00]
    [( )  252.00  10.00  0.00]
    [(p)  263.00  10.00  0.00]
    [(r)  274.00  10.00  0.00]
    [(i)  285.00  10.00  0.00]
    [(c)  296.00  10.00  0.00]
    [(e)  307.00  10.00  0.00]
    [( )  318.00  10.00  0.00]
    [(=)  329.00  10.00  0.00]
    [(1)  340.00  10.00  0.00]
    [(;)  351.00  10.00  0.00]
]   { {} forall dup 0.00 ne {
	/Helvetica findfont exch scalefont setfont
    } {pop} ifelse
    moveto show} bind forall
% End barcode for "1;UPDATE products SET price =1;"

showpage
%%Trailer

